# 1987 20 0
# 1988 15 1
# 1989 0 2
# 1990 0 3
# 1991 0 4
# 1992 35 5
# 1993 0 6
# 1994 46 7
# 1995 0 8
# 1996 7 9
# 1997 0 10
# 1998 0 11
# 1999 0 12
# 2000 0 13
# 2001 0 14
# 2002 13 15
# 2003 0 16
# 2004 0 17
# 2005 0 18
# 2006 0 19
# 2007 28 20
# 2008 25 21
# 2009 17 22
# 2010 25 23
# 2011 0 24
# 2012 16 25
# 2013 0 26
# 2014 13 27
# 2015 12 28
# 2016 0 29
# 2017 0 30
# 2018 25 31
# 2019 0 32
# 2020 0 33
# 2021 0 34
# 2022 0 35
# 2023 0 36
# 2024 0 37
# 2025 0 38
0 0 1
1 0 1
15 1 1
9 2 1
7 3 1
7 4 1
15 5 1
5 6 1
28 7 1
22 8 1
28 9 1
5 10 1
22 11 1
15 12 1
27 13 1
28 14 1
27 15 1
5 16 1
31 17 1
31 18 1
15 19 1
31 20 1
7 21 1
23 22 1
22 23 1
1 24 1
7 25 1
20 26 1
20 27 1
20 28 1
5 29 1
5 30 1
27 31 1
22 32 1
5 33 1
7 34 1
7 35 1
15 36 1
28 37 1
23 38 1
20 39 1
22 40 1
7 41 1
28 42 1
5 43 1
23 44 1
31 45 1
7 46 1
0 47 1
21 48 1
5 49 1
31 50 1
9 51 1
20 52 2
27 53 1
1 54 1
31 55 1
5 56 1
23 57 1
7 58 1
5 59 1
20 60 1
23 60 1
22 61 1
20 62 1
23 63 1
1 64 1
7 65 1
9 66 1
5 67 1
31 68 1
25 69 1
21 70 1
21 71 1
31 72 1
1 73 1
7 74 1
20 75 1
27 76 1
7 77 1
15 78 1
31 79 1
31 80 1
1 81 1
5 82 1
21 83 1
7 84 1
23 85 1
23 86 1
7 87 1
20 88 1
20 89 1
23 90 1
0 91 1
1 92 1
7 93 1
7 94 1
5 95 1
23 96 1
21 97 1
23 98 1
28 99 1
31 100 1
0 101 1
27 102 1
25 103 1
25 104 1
7 105 1
21 106 1
1 107 1
1 108 1
22 109 1
0 110 1
22 111 1
25 112 1
27 113 1
28 114 1
31 115 1
5 116 1
21 117 1
31 118 1
7 119 1
31 120 1
28 121 1
20 122 1
25 123 1
7 124 1
5 125 1
9 126 1
9 127 1
23 128 1
20 129 1
25 130 1
7 131 1
7 132 1
7 133 1
20 134 1
22 135 1
27 136 1
31 137 1
7 138 1
7 139 1
23 140 1
7 141 1
25 142 1
7 143 1
5 144 1
0 145 1
20 146 1
22 146 1
9 147 1
20 148 1
0 149 1
20 150 1
7 151 1
7 152 1
1 153 1
25 154 1
7 155 1
7 156 1
9 157 1
25 158 1
21 159 1
22 160 1
25 160 1
31 161 1
7 162 1
15 163 1
31 164 1
20 165 1
23 166 1
28 167 1
21 168 1
22 169 1
31 170 1
7 171 1
5 172 1
15 173 1
28 174 1
15 175 1
20 176 1
21 177 1
5 178 1
20 179 1
23 180 1
0 181 1
31 182 1
0 183 1
27 184 1
7 185 1
21 186 1
28 187 1
21 188 1
22 189 1
0 190 1
22 191 1
21 192 1
22 193 1
25 194 1
22 195 1
22 196 1
21 197 1
31 198 1
31 199 1
23 200 1
21 201 1
23 202 1
23 203 1
21 204 1
0 205 1
23 206 1
7 207 1
25 208 1
0 209 1
1 209 1
21 210 1
7 211 1
27 212 1
5 213 1
5 214 1
7 215 1
5 216 1
20 217 1
7 218 1
21 219 1
20 220 1
15 221 1
1 222 1
23 223 1
0 224 1
1 224 1
15 225 1
20 226 1
21 227 1
5 228 1
5 229 1
7 230 1
20 231 2
5 232 1
5 233 1
7 234 1
0 235 1
20 236 1
25 237 1
5 238 1
7 239 1
5 240 1
7 241 1
25 242 1
31 243 1
5 244 1
15 245 1
21 246 1
31 247 1
20 248 1
5 249 1
25 250 1
0 251 1
7 252 1
23 253 1
27 254 1
31 255 1
15 256 1
5 257 1
23 258 1
21 259 1
23 259 1
23 260 1
7 261 1
25 262 1
7 263 1
21 264 1
23 265 1
21 266 1
5 267 1
5 268 1
0 269 1
27 270 1
31 271 1
20 272 1
21 273 1
27 274 1
0 275 1
1 276 1
28 277 1
0 278 1
5 279 1
0 280 1
5 281 1
21 282 1
7 283 1
1 284 1
0 285 1
5 286 1
7 287 1
