# 1982 28 0
# 1983 18 1
# 1984 0 2
# 1985 25 3
# 1986 0 4
# 1987 0 5
# 1988 0 6
# 1989 0 7
# 1990 0 8
# 1991 26 9
# 1992 41 10
# 1993 52 11
# 1994 68 12
# 1995 68 13
# 1996 44 14
# 1997 37 15
# 1998 90 16
# 1999 58 17
# 2000 71 18
# 2001 58 19
# 2002 72 20
# 2003 41 21
# 2004 61 22
# 2005 133 23
# 2006 132 24
# 2007 202 25
# 2008 313 26
# 2009 470 27
# 2010 520 28
# 2011 815 29
# 2012 1213 30
# 2013 1043 31
# 2014 1410 32
# 2015 1742 33
# 2016 1272 34
# 2017 1768 35
# 2018 1668 36
# 2019 1731 37
# 2020 2293 38
# 2021 2155 39
# 2022 2129 40
# 2023 2568 41
# 2024 2509 42
# 2025 25 43
26 0 2
30 0 3
34 0 4
36 1 4
40 1 4
16 2 1
18 2 1
26 2 2
27 2 2
30 2 4
31 2 2
35 2 3
36 2 4
37 2 5
38 2 5
38 3 5
39 3 4
40 3 6
23 4 3
25 4 6
26 4 4
27 4 7
28 4 11
29 4 18
30 4 19
31 4 19
32 4 28
33 4 35
34 4 25
35 4 32
36 4 37
37 4 36
38 4 36
39 4 36
40 4 33
41 4 34
42 4 33
38 5 9
39 5 8
40 5 5
41 5 5
42 5 5
16 6 1
18 6 1
20 7 1
10 8 1
15 8 1
14 9 1
16 9 1
19 9 1
27 9 2
29 9 2
30 9 3
31 9 4
32 9 3
33 9 5
35 9 3
36 9 7
37 9 6
38 9 4
39 9 4
40 9 7
41 9 12
42 9 12
32 10 3
40 10 6
31 11 3
32 11 4
37 12 5
40 12 4
10 13 1
43 14 1
31 15 2
40 16 4
41 17 5
31 18 3
38 18 6
41 18 5
33 19 3
9 20 1
11 21 1
42 22 6
39 23 6
42 24 5
23 25 2
24 26 2
26 26 4
27 26 2
26 27 3
28 27 4
29 27 13
30 27 9
31 27 9
32 27 6
33 27 6
34 27 10
35 27 13
36 27 8
37 27 8
38 27 13
39 27 9
40 27 11
41 27 8
42 27 6
9 28 1
26 29 3
27 29 3
28 29 3
29 29 4
30 29 3
31 29 3
32 29 7
34 29 8
35 29 4
36 29 7
38 29 7
39 29 4
40 29 5
32 30 4
33 30 5
35 30 7
37 30 5
13 31 2
16 31 1
18 31 3
19 31 1
20 31 1
23 31 1
25 31 1
33 32 7
34 32 5
35 32 4
36 32 4
37 32 4
38 32 4
39 32 11
41 32 7
33 33 3
24 34 1
10 35 1
25 36 1
29 37 4
30 37 3
33 37 7
35 37 4
36 37 3
39 37 5
37 38 3
31 39 3
38 39 4
33 40 5
35 40 8
36 40 6
38 40 5
40 40 5
41 40 5
42 40 10
33 41 4
41 41 6
42 41 7
29 42 4
30 42 7
31 42 4
32 42 4
25 43 1
41 44 4
29 45 3
23 46 1
21 47 1
26 47 2
29 47 2
31 48 3
37 49 3
38 49 4
41 49 5
42 49 7
32 50 8
33 50 7
34 50 8
35 50 10
36 50 5
37 50 12
38 50 8
39 50 7
41 50 8
42 50 5
1 51 1
11 51 1
12 51 1
17 52 1
20 52 1
23 52 2
28 52 2
29 52 4
30 52 7
31 52 5
32 52 5
33 52 11
34 52 4
35 52 12
36 52 10
37 52 8
38 52 12
39 52 6
40 52 6
41 52 15
42 52 12
10 53 1
0 54 1
28 55 3
30 55 4
11 56 1
25 57 3
30 57 5
31 57 5
33 57 4
35 57 8
37 57 5
38 57 8
40 57 6
42 57 6
0 58 1
37 59 5
40 59 4
41 59 6
42 59 9
0 60 1
19 60 2
23 60 2
24 60 2
26 60 2
28 60 3
29 60 4
30 60 6
31 60 5
32 60 4
34 60 3
35 60 8
38 60 4
39 60 4
40 60 9
41 60 8
42 60 5
43 60 1
3 61 1
24 62 1
40 63 4
20 64 2
22 64 3
23 64 4
24 64 3
25 64 7
26 64 8
27 64 11
28 64 10
29 64 20
30 64 25
31 64 30
32 64 41
33 64 42
34 64 28
35 64 39
36 64 43
37 64 43
38 64 46
39 64 48
40 64 46
41 64 44
42 64 37
32 65 5
21 66 1
33 67 3
24 68 2
30 68 4
32 68 4
37 69 3
26 70 2
33 70 4
40 71 5
41 71 6
42 71 6
34 72 4
42 73 5
29 74 4
30 74 4
32 74 7
33 74 11
34 74 4
35 74 5
37 74 5
38 74 11
39 74 7
41 74 4
42 74 4
40 75 4
31 76 3
32 76 11
33 76 5
34 76 5
35 76 7
36 76 7
37 76 11
38 76 8
39 76 7
41 76 6
42 76 7
12 77 1
40 78 5
41 78 5
24 79 1
41 80 5
42 81 6
11 82 1
16 82 1
20 82 1
22 82 1
23 82 3
26 82 2
28 82 2
29 82 3
30 82 6
31 82 3
32 82 5
33 82 5
34 82 7
35 82 10
36 82 7
37 82 8
38 82 12
39 82 11
40 82 12
41 82 9
42 82 10
43 82 1
13 83 2
16 83 2
23 83 4
24 83 2
29 83 7
30 83 8
31 83 8
32 83 8
33 83 12
34 83 13
35 83 12
36 83 15
37 83 18
38 83 15
39 83 14
40 83 13
41 83 20
42 83 11
31 84 3
36 84 3
36 85 4
39 85 5
42 85 6
3 86 1
26 86 2
31 86 3
36 86 4
42 86 5
11 87 1
42 88 6
43 88 1
31 89 3
35 89 4
39 89 4
41 89 7
40 90 4
29 91 3
30 92 3
41 93 7
34 94 3
36 94 6
41 95 4
22 96 1
36 97 5
37 97 5
38 97 7
39 97 9
40 97 12
41 97 11
42 97 13
36 98 5
37 98 4
26 99 2
34 100 3
38 100 4
17 101 1
25 102 1
20 103 2
27 103 3
33 103 5
35 103 4
19 104 1
15 105 1
20 106 1
23 107 2
25 107 2
27 108 2
1 109 1
11 110 2
14 110 1
15 110 1
20 110 1
27 110 2
29 110 4
30 110 5
31 110 4
32 110 7
33 110 8
34 110 8
35 110 7
36 110 7
37 110 6
38 110 10
39 110 6
40 110 7
41 110 10
42 110 10
35 111 5
21 112 1
16 113 2
20 113 2
22 113 2
23 113 3
24 113 2
25 113 6
26 113 6
27 113 8
28 113 4
29 113 8
30 113 15
31 113 12
32 113 14
33 113 13
34 113 6
35 113 4
36 113 7
38 113 5
41 113 9
42 113 10
31 114 3
33 114 4
38 114 4
39 114 5
41 114 5
42 114 6
39 115 5
32 116 4
34 117 5
40 117 4
12 118 2
23 118 4
25 118 4
26 118 4
27 118 9
28 118 8
29 118 15
30 118 21
31 118 15
32 118 8
33 118 16
34 118 7
35 118 14
36 118 6
37 118 15
38 118 15
39 118 11
40 118 15
41 118 15
42 118 23
24 119 2
27 119 6
28 119 3
29 119 9
30 119 5
31 119 4
32 119 8
33 119 5
34 119 8
35 119 5
36 119 12
37 119 6
38 119 14
39 119 10
40 119 7
41 119 9
42 119 9
34 120 8
37 120 6
39 120 4
40 120 7
41 120 6
26 121 2
27 121 3
37 121 5
42 122 10
34 123 4
35 123 6
38 123 11
39 123 5
42 123 8
18 124 1
28 125 3
33 125 3
39 125 5
29 126 3
31 126 5
32 126 4
33 126 12
34 126 4
35 126 5
38 126 10
39 126 9
40 126 10
41 126 10
42 126 8
32 127 3
34 127 3
35 127 6
37 127 5
40 127 4
41 127 5
10 128 1
38 129 5
32 130 3
34 131 4
29 132 3
30 132 4
38 132 4
40 132 4
26 133 2
29 133 5
30 133 5
31 133 3
32 133 4
33 133 4
34 133 3
35 133 5
36 133 5
37 133 8
38 133 12
39 133 9
40 133 10
42 133 10
35 134 4
25 135 2
29 135 3
31 135 3
33 135 10
34 135 5
35 135 5
36 135 4
38 135 13
39 135 11
40 135 7
41 135 12
42 135 16
39 136 4
42 136 5
14 137 1
37 138 5
42 138 5
32 139 3
33 139 3
36 139 3
42 140 5
43 141 1
30 142 3
36 142 5
37 143 4
9 144 1
43 145 1
26 146 2
30 146 5
35 146 4
26 147 3
29 147 5
30 147 4
31 147 3
33 147 7
36 147 4
41 147 11
42 147 12
35 148 3
32 149 3
34 150 5
3 151 1
10 152 1
27 153 2
28 153 3
30 153 4
32 153 6
33 153 6
34 153 5
35 153 6
36 153 5
37 153 4
38 153 9
39 153 4
40 153 9
41 153 10
42 153 9
28 154 2
31 154 3
33 154 3
34 154 8
35 154 4
36 154 7
38 154 6
41 154 5
42 154 7
19 155 2
27 155 4
28 155 3
29 155 3
30 155 7
31 155 8
32 155 5
33 155 4
34 155 4
35 155 4
37 155 7
38 155 7
41 155 9
42 155 6
23 156 2
25 156 2
0 157 1
32 158 3
33 159 4
38 159 4
39 160 6
17 161 1
17 162 1
19 162 1
41 163 6
42 163 5
35 164 9
36 164 6
37 164 4
39 164 11
40 164 5
41 164 12
42 164 13
37 165 3
18 166 1
31 167 3
41 168 4
29 169 3
35 169 4
37 169 5
39 169 5
37 170 6
31 171 4
12 172 1
11 173 1
14 173 1
37 174 5
39 174 5
40 174 10
41 174 11
42 174 6
29 175 4
30 175 4
34 175 4
21 176 1
22 177 1
39 178 5
42 178 6
11 179 1
31 179 2
34 179 5
42 179 8
19 180 2
29 180 3
30 181 3
34 181 5
36 181 4
37 181 4
38 181 4
39 181 5
40 181 6
41 181 7
42 181 5
19 182 1
30 183 3
15 184 1
19 184 2
28 184 2
30 184 3
32 184 3
16 185 1
41 186 4
23 187 1
9 188 1
39 189 4
41 189 6
0 190 2
1 190 1
3 190 1
9 190 1
10 190 3
11 190 3
12 190 5
13 190 5
14 190 4
15 190 2
16 190 7
17 190 5
18 190 4
19 190 4
20 190 6
21 190 2
22 190 6
23 190 8
24 190 9
25 190 10
26 190 17
27 190 25
28 190 31
29 190 29
30 190 50
31 190 47
32 190 46
33 190 62
34 190 41
35 190 49
36 190 45
37 190 56
38 190 71
39 190 57
40 190 61
41 190 59
42 190 63
40 191 4
37 192 3
23 193 1
23 194 2
28 194 3
31 194 5
27 195 4
22 196 1
25 197 2
16 198 1
19 199 1
23 200 1
29 200 2
35 200 3
18 201 2
29 202 5
30 202 4
32 202 6
33 202 3
34 202 6
35 202 4
36 202 5
37 202 4
39 202 7
42 202 4
34 203 4
18 204 2
40 205 4
27 206 2
39 206 4
14 207 1
22 208 1
28 209 2
30 210 3
33 210 4
34 210 6
37 210 4
38 210 6
39 210 8
40 210 5
28 211 3
29 211 3
29 212 4
29 213 3
30 213 3
31 213 3
32 213 4
34 213 8
35 213 9
36 213 9
37 213 14
38 213 7
39 213 9
40 213 11
41 213 5
42 213 5
40 214 5
41 215 5
30 216 4
35 216 4
36 216 5
37 216 4
39 216 4
40 216 4
41 216 5
42 216 5
41 217 5
11 218 1
25 219 1
17 220 1
9 221 1
18 222 1
26 223 2
30 223 4
31 223 7
33 223 7
34 223 3
35 223 8
40 223 7
42 223 10
11 224 2
19 224 2
20 224 2
24 225 1
37 226 3
32 227 3
33 227 5
35 227 7
36 227 8
37 227 7
38 227 8
39 227 13
40 227 10
41 227 17
42 227 12
12 228 2
26 229 2
15 230 1
31 231 4
32 231 7
33 231 6
34 231 5
35 231 5
37 231 5
38 231 6
39 231 10
40 231 4
36 232 4
38 233 12
39 233 4
40 233 8
41 233 10
42 233 15
3 234 1
23 235 3
27 235 5
28 235 5
29 235 5
30 235 8
31 235 5
32 235 6
33 235 8
35 235 11
36 235 9
37 235 13
38 235 11
39 235 12
40 235 9
41 235 10
42 235 6
35 236 4
22 237 2
27 237 4
28 237 3
30 237 6
32 237 5
33 237 5
34 237 3
35 237 5
38 237 7
41 237 5
30 238 3
16 239 2
24 239 2
27 239 3
28 239 3
33 239 6
35 239 4
40 239 5
41 239 7
42 239 5
32 240 5
33 240 4
39 240 4
41 240 6
42 240 5
37 241 4
39 241 4
40 241 6
41 241 5
42 241 10
11 242 1
0 243 1
26 244 2
41 245 4
31 246 3
37 247 4
26 248 3
27 248 5
30 248 4
32 248 7
33 248 7
36 248 6
39 248 5
41 248 6
42 248 5
23 249 3
27 249 5
30 249 4
33 249 5
41 249 5
41 250 5
17 251 1
36 252 5
37 252 3
21 253 1
25 253 2
36 253 5
32 254 5
33 254 5
34 254 5
35 254 4
35 255 4
38 255 6
18 256 1
35 257 3
27 258 2
40 259 12
41 259 20
42 259 36
27 260 3
17 261 1
18 262 2
20 262 2
25 262 2
29 262 5
30 262 6
33 262 8
35 262 5
38 262 6
41 262 5
28 263 3
30 263 3
32 263 4
33 263 5
38 263 4
30 264 3
33 264 5
38 264 4
40 264 4
12 265 1
13 265 1
40 266 4
20 267 1
25 267 1
30 267 3
25 268 3
27 268 2
29 268 3
30 268 6
31 268 9
32 268 3
33 268 4
34 268 11
35 268 9
36 268 11
37 268 7
38 268 7
39 268 10
40 268 13
41 268 6
42 269 5
37 270 3
29 271 4
30 271 3
31 271 3
32 271 5
33 271 6
35 271 5
36 271 6
37 271 6
38 271 6
40 271 4
41 271 5
30 272 4
33 272 3
36 272 5
38 273 4
40 273 4
41 273 8
23 274 1
31 275 6
33 275 5
34 275 3
38 275 4
39 275 5
41 275 5
42 275 7
40 276 5
41 276 6
42 276 5
32 277 3
12 278 1
9 279 1
22 280 1
27 280 2
29 280 3
29 281 3
35 281 4
38 281 4
13 282 1
14 283 1
20 284 1
28 285 2
35 285 4
43 286 1
41 287 6
11 288 1
22 289 1
27 289 3
28 289 2
30 289 4
33 289 3
35 289 4
37 289 3
39 289 5
41 289 5
30 290 3
31 291 3
38 292 4
42 292 5
26 293 2
29 293 3
30 293 4
32 293 4
33 293 5
34 293 3
36 293 6
37 293 6
38 293 7
39 293 8
40 293 6
42 294 4
43 295 1
32 296 3
34 296 3
0 297 1
16 298 1
28 299 2
17 300 1
30 301 3
35 301 5
41 301 5
42 301 5
32 302 7
33 302 6
34 302 5
35 302 7
36 302 10
37 302 11
38 302 9
39 302 12
40 302 15
41 302 12
42 302 15
30 303 4
32 303 4
34 303 4
36 303 9
28 304 2
14 305 1
32 305 3
38 305 6
40 305 7
29 306 3
35 306 4
31 307 3
34 308 3
36 308 5
38 308 4
39 308 4
40 308 5
41 308 4
42 308 6
40 309 5
42 309 5
13 310 1
26 311 2
33 312 4
34 312 4
41 312 6
24 313 1
33 314 4
35 314 5
37 314 3
33 315 5
35 315 5
36 315 4
30 316 4
32 316 3
36 316 4
38 316 6
39 316 5
40 316 4
31 317 3
12 318 2
16 318 2
17 318 2
20 318 2
23 318 2
24 318 2
25 318 2
27 318 3
28 318 4
29 318 6
30 318 6
31 318 4
33 318 8
34 318 4
36 318 11
37 318 5
38 318 9
14 319 1
31 320 6
32 320 20
33 320 25
34 320 19
35 320 25
36 320 19
37 320 37
38 320 40
39 320 43
40 320 44
41 320 51
42 320 41
42 321 4
33 322 3
24 323 1
26 324 2
16 325 1
10 326 1
14 327 1
23 328 2
25 328 3
27 328 4
28 328 4
29 328 9
30 328 9
31 328 6
32 328 9
33 328 12
34 328 4
35 328 8
36 328 13
37 328 10
38 328 7
39 328 12
40 328 7
41 328 9
42 328 9
3 329 1
25 330 1
16 331 1
20 331 1
21 331 1
25 331 1
37 332 4
41 332 5
42 332 6
1 333 1
23 334 1
24 335 2
29 335 4
30 335 6
31 335 3
33 335 5
34 335 6
35 335 5
36 335 10
37 335 4
38 335 8
39 335 6
41 335 6
42 335 9
3 336 1
30 337 4
32 337 4
36 337 5
42 337 5
39 338 9
40 338 9
41 338 20
42 338 15
19 339 1
22 340 1
28 341 9
29 341 3
31 341 3
33 341 6
36 341 8
38 341 5
39 341 6
41 341 7
42 341 6
0 342 1
28 343 2
36 344 4
37 344 4
38 344 6
3 345 1
9 345 1
25 345 2
26 345 5
28 345 2
29 345 4
30 345 6
31 345 5
32 345 4
33 345 6
34 345 4
35 345 4
37 345 9
38 345 4
40 345 5
41 345 9
42 345 8
22 346 1
11 347 1
17 347 1
21 347 1
26 347 3
28 347 2
29 347 3
30 347 5
32 347 3
33 347 3
34 347 4
35 347 4
37 347 3
38 347 4
41 347 5
30 348 4
32 348 3
37 349 4
14 350 1
21 351 2
28 352 2
32 353 3
33 353 3
34 353 4
35 353 5
38 353 5
40 353 7
41 353 8
40 354 5
17 355 1
41 356 6
42 356 9
10 357 1
30 358 4
31 358 8
32 358 5
33 358 12
34 358 7
35 358 8
36 358 4
37 358 11
38 358 10
39 358 16
40 358 10
41 358 11
42 358 8
15 359 1
36 360 4
39 360 4
20 361 1
10 362 1
12 363 1
26 364 4
3 365 1
38 366 4
3 367 1
26 368 2
32 369 3
40 370 7
41 370 7
42 370 10
33 371 6
23 372 2
33 373 3
38 373 4
36 374 5
37 374 4
38 375 4
40 375 5
42 375 5
3 376 1
29 377 3
30 377 6
31 377 7
32 377 10
33 377 12
34 377 7
35 377 13
36 377 8
37 377 12
38 377 13
39 377 14
40 377 8
41 377 11
42 377 6
28 378 2
30 379 3
32 379 3
35 379 4
39 380 4
33 381 5
38 381 4
39 381 7
1 382 1
13 383 1
31 383 2
33 383 3
34 383 3
34 384 4
36 384 7
37 384 6
38 384 7
39 384 7
41 384 6
25 385 2
27 385 3
29 385 3
13 386 1
22 387 1
29 388 3
35 388 4
36 388 5
16 389 2
26 389 3
29 389 4
31 389 6
33 389 6
34 389 3
35 389 4
36 389 9
37 389 5
38 389 10
39 389 7
40 389 17
41 389 16
42 389 14
43 389 1
35 390 7
36 390 7
38 390 4
39 390 7
40 390 10
41 390 11
42 390 7
41 391 7
10 392 1
14 393 1
15 394 1
39 395 5
42 395 7
9 396 1
25 396 3
27 396 2
28 396 3
29 396 4
30 396 9
31 396 5
32 396 6
33 396 7
34 396 6
35 396 6
36 396 4
16 397 1
13 398 1
27 398 3
28 398 2
30 398 8
31 398 5
35 398 8
36 398 4
39 398 5
40 398 5
41 398 8
42 398 6
24 399 1
13 400 2
25 401 2
14 402 1
25 403 5
26 403 4
27 403 3
28 403 3
29 403 9
30 403 8
31 403 9
32 403 13
33 403 17
34 403 12
35 403 10
36 403 14
37 403 11
38 403 23
39 403 14
40 403 18
41 403 17
42 403 22
23 404 4
25 404 3
27 404 5
28 404 9
29 404 9
30 404 14
31 404 15
32 404 14
33 404 19
34 404 16
35 404 24
36 404 24
37 404 21
38 404 16
39 404 21
40 404 17
41 404 17
42 404 20
9 405 1
29 406 2
31 406 4
33 406 4
34 406 3
36 406 4
37 406 4
38 406 4
42 406 5
39 407 4
15 408 1
31 409 3
14 410 1
20 411 2
28 411 3
30 411 7
32 411 7
33 411 6
34 411 5
35 411 5
36 411 6
37 411 8
38 411 10
40 411 7
41 411 7
42 411 7
34 412 4
35 412 4
38 412 6
38 413 4
39 413 5
12 414 3
13 414 2
22 414 2
25 414 4
26 414 4
27 414 3
28 414 7
29 414 7
30 414 10
31 414 11
32 414 11
33 414 9
35 414 9
36 414 4
37 414 10
38 414 7
39 414 6
40 414 9
41 414 5
42 414 7
43 415 1
3 416 1
26 416 2
28 416 3
29 416 4
30 416 12
31 416 10
32 416 6
33 416 20
34 416 6
35 416 11
36 416 13
37 416 10
38 416 22
39 416 19
40 416 17
41 416 17
42 416 15
27 417 4
32 417 14
33 417 14
34 417 9
35 417 9
36 417 13
37 417 14
38 417 14
39 417 16
40 417 12
41 417 14
42 417 15
18 418 1
29 419 3
38 420 5
39 420 8
23 421 1
41 422 4
33 423 4
36 423 5
38 423 7
39 423 6
41 423 11
42 423 12
14 424 1
24 425 2
27 425 2
28 425 2
30 425 5
32 425 3
33 425 8
34 425 3
36 425 5
37 425 3
38 425 6
39 425 5
40 425 7
41 425 9
1 426 1
29 427 3
34 428 5
35 428 4
38 428 7
40 428 4
42 428 6
35 429 4
40 429 4
1 430 1
16 431 3
20 431 2
22 431 2
23 431 5
24 431 4
25 431 6
26 431 7
27 431 10
28 431 14
29 431 30
30 431 31
31 431 31
32 431 47
33 431 58
34 431 48
35 431 57
36 431 55
37 431 58
38 431 66
39 431 61
40 431 63
41 431 58
42 431 59
36 432 6
37 432 9
38 432 10
39 432 19
40 432 15
41 432 21
42 432 17
23 433 3
24 433 3
25 433 6
26 433 6
27 433 8
28 433 13
29 433 28
30 433 37
31 433 26
32 433 45
33 433 42
34 433 40
35 433 58
36 433 58
37 433 50
38 433 65
39 433 66
40 433 59
41 433 63
42 433 53
39 434 5
42 434 5
20 435 1
9 436 1
11 437 1
26 437 2
31 437 2
35 437 3
37 437 5
15 438 1
16 438 1
24 438 1
36 439 5
37 439 4
40 440 4
16 441 1
33 442 8
34 442 4
37 442 6
38 442 7
39 442 8
41 442 5
23 443 2
25 443 2
36 443 4
37 443 4
38 443 4
13 444 1
18 445 2
20 445 2
27 445 3
33 445 5
35 445 4
0 446 1
1 446 1
9 446 2
10 446 3
11 446 4
12 446 4
13 446 7
14 446 3
15 446 2
16 446 7
17 446 4
18 446 5
19 446 2
20 446 7
21 446 3
22 446 3
23 446 7
24 446 7
25 446 12
26 446 16
27 446 21
28 446 19
29 446 31
30 446 60
31 446 42
32 446 48
33 446 55
34 446 48
35 446 63
36 446 54
37 446 58
38 446 74
39 446 62
40 446 64
41 446 63
42 446 78
39 447 5
38 448 4
18 449 1
38 450 6
41 450 5
42 450 4
32 451 11
33 451 9
34 451 8
35 451 11
36 451 9
37 451 12
38 451 10
39 451 9
40 451 15
41 451 12
42 451 15
33 452 3
39 452 5
17 453 1
35 454 4
20 455 1
11 456 1
21 456 1
28 456 3
30 456 3
31 456 4
32 456 3
35 456 6
41 456 6
42 456 6
27 457 3
33 458 6
34 458 3
35 458 7
36 458 11
37 458 11
38 458 23
39 458 24
40 458 24
41 458 29
42 458 21
30 459 3
32 459 3
33 459 3
35 459 3
37 459 3
38 459 4
31 460 3
39 460 4
1 461 1
18 462 1
24 463 1
26 464 2
31 465 3
36 465 4
13 466 1
0 467 2
3 467 1
9 467 1
10 467 3
11 467 5
12 467 4
13 467 3
14 467 3
15 467 3
16 467 6
17 467 4
18 467 5
19 467 2
20 467 4
21 467 1
22 467 5
23 467 5
24 467 8
25 467 6
26 467 14
27 467 16
28 467 19
29 467 26
30 467 44
31 467 23
32 467 30
33 467 37
34 467 22
35 467 29
36 467 30
37 467 32
38 467 36
39 467 31
40 467 42
41 467 38
42 467 41
9 468 1
42 469 5
32 470 3
39 470 4
40 471 5
42 471 5
43 472 1
25 473 2
31 473 4
38 474 5
41 475 5
12 476 1
39 477 5
42 477 5
40 478 4
31 479 5
43 480 1
22 481 1
42 482 5
13 483 1
29 484 3
30 484 4
32 484 4
33 484 8
35 484 5
37 484 4
38 484 8
39 484 8
41 484 4
42 484 5
31 485 3
40 485 5
41 485 5
42 485 5
0 486 1
10 487 1
11 487 1
17 487 1
26 487 2
28 487 2
30 487 3
26 488 2
22 489 2
24 489 2
27 489 3
29 489 4
30 489 6
31 489 5
32 489 10
33 489 8
34 489 7
35 489 5
36 489 5
38 489 7
39 489 7
41 489 9
42 489 5
34 490 3
35 490 6
38 490 6
39 490 7
40 490 9
41 490 11
42 490 7
35 491 4
36 491 5
37 491 4
42 491 5
34 492 3
36 492 4
37 492 4
38 492 5
39 492 6
40 492 6
41 492 9
42 492 6
12 493 1
13 493 2
23 493 2
25 493 1
28 493 2
30 493 5
33 493 3
35 493 3
37 493 3
39 493 7
42 493 4
16 494 1
12 495 1
13 495 1
38 496 4
39 496 6
41 496 6
42 497 6
29 498 3
31 498 4
1 499 1
21 500 1
28 501 3
29 501 3
30 501 6
31 501 7
32 501 4
34 501 5
36 501 8
37 501 9
38 501 11
40 501 5
41 501 9
42 501 7
0 502 1
27 502 5
28 502 2
29 502 4
30 502 3
32 502 4
33 502 3
34 502 4
35 502 6
39 502 4
10 503 1
17 504 1
42 505 5
28 506 2
32 507 4
37 507 4
17 508 1
23 509 2
26 509 3
30 509 4
31 509 4
37 509 6
38 509 5
39 509 5
40 509 4
9 510 1
28 511 3
39 512 7
41 512 5
27 513 2
37 513 6
40 513 4
42 513 9
41 514 6
33 515 6
35 515 5
38 515 5
39 515 7
43 516 1
40 517 4
16 518 2
24 518 2
26 518 3
29 518 3
30 518 4
31 518 3
33 518 6
36 518 8
37 518 5
38 518 8
39 518 6
40 518 8
41 518 12
42 518 12
28 519 2
40 519 5
41 519 4
1 520 1
43 521 1
20 522 2
40 523 4
42 523 5
27 524 2
28 524 2
29 524 4
30 524 3
33 524 6
35 524 4
38 524 5
39 524 4
40 524 9
41 524 15
42 524 8
36 525 4
16 526 1
15 527 1
36 528 5
40 529 4
29 530 2
40 530 4
42 530 4
34 531 3
35 531 6
38 531 7
39 531 8
40 531 8
41 531 11
42 531 11
29 532 3
39 532 6
40 532 5
41 532 10
12 533 1
15 534 1
28 534 2
38 535 4
23 536 2
27 536 3
31 536 5
32 536 4
33 536 4
34 536 7
37 536 4
38 536 6
39 536 11
41 536 7
25 537 1
24 538 2
28 539 2
39 540 4
41 540 5
19 541 1
23 541 1
29 541 2
31 541 2
32 541 3
34 541 6
35 541 4
37 541 4
38 541 4
10 542 1
29 543 2
38 544 7
40 544 4
41 544 8
42 544 9
13 545 2
37 546 4
39 547 7
36 548 4
40 549 5
26 550 2
27 550 3
28 550 2
40 550 5
32 551 5
36 551 4
15 552 1
10 553 1
40 554 4
30 555 3
35 556 3
34 557 4
37 557 4
39 557 5
41 557 5
26 558 3
33 558 4
36 558 4
38 558 5
39 558 6
40 558 10
41 558 9
14 559 1
17 560 1
32 561 4
12 562 1
38 563 4
23 564 2
38 564 4
41 565 7
42 565 7
36 566 5
42 566 6
14 567 1
29 568 3
14 569 1
18 570 1
0 571 1
18 572 1
39 573 5
41 574 7
42 574 5
1 575 1
26 576 2
31 576 3
9 577 1
25 578 1
13 579 1
26 580 3
27 580 4
30 580 3
31 580 3
32 580 7
34 580 6
36 580 5
37 580 6
38 580 4
39 580 6
38 581 10
39 581 5
40 581 10
41 581 16
42 581 17
29 582 3
9 583 1
10 583 1
18 583 1
28 583 4
29 583 2
30 583 4
31 583 4
32 583 7
33 583 4
34 583 6
35 583 7
36 583 3
37 583 3
38 583 6
39 583 4
41 583 6
42 583 8
16 584 2
19 584 2
24 584 3
26 584 3
28 584 5
29 584 3
30 584 5
31 584 7
32 584 9
33 584 9
34 584 6
35 584 13
36 584 12
37 584 9
38 584 16
39 584 8
40 584 19
41 584 20
42 584 20
36 585 4
37 585 5
40 585 5
36 586 4
13 587 1
31 588 3
32 588 5
18 589 1
21 590 1
35 591 4
37 591 4
42 591 5
31 592 5
32 592 9
33 592 13
35 592 6
36 592 8
37 592 4
38 592 7
39 592 9
40 592 7
27 593 3
33 593 9
36 593 6
10 594 1
11 595 1
17 596 1
35 597 4
31 598 4
33 598 3
36 598 3
37 598 5
38 598 4
40 598 4
41 598 7
42 598 5
31 599 3
23 600 2
25 600 2
29 600 3
31 600 3
33 600 4
10 601 1
12 602 1
12 603 1
35 604 3
32 605 3
38 605 4
36 606 4
32 607 6
33 607 4
36 607 4
29 608 2
32 608 3
33 608 4
39 609 5
0 610 1
32 611 6
34 611 3
38 611 7
39 611 4
36 612 4
41 612 6
36 613 4
37 613 4
42 613 4
3 614 1
11 615 1
23 615 1
15 616 1
43 617 1
39 618 4
40 618 4
29 619 2
32 620 3
42 620 5
28 621 2
29 622 2
31 622 2
42 622 4
13 623 2
14 624 1
15 624 1
16 624 3
18 624 1
19 624 1
23 624 1
24 624 2
25 624 2
26 624 6
27 624 6
28 624 8
29 624 8
30 624 5
31 624 12
32 624 12
33 624 15
34 624 13
35 624 10
36 624 9
37 624 13
38 624 17
39 624 14
40 624 20
41 624 13
42 624 13
43 624 1
18 625 1
36 626 3
38 626 5
39 626 5
24 627 1
25 628 3
26 628 3
28 628 5
29 628 7
30 628 5
31 628 3
34 628 3
35 628 4
32 629 3
33 629 5
34 629 4
36 629 4
39 629 6
40 629 6
41 629 6
41 630 8
42 630 6
42 631 5
36 632 6
37 632 6
38 632 4
39 632 8
40 632 4
41 632 8
42 632 6
34 633 4
37 633 6
38 633 6
39 633 5
42 633 6
42 634 8
34 635 4
36 635 5
38 635 4
39 635 5
19 636 1
16 637 1
42 638 5
30 639 5
32 639 8
17 640 1
19 640 1
22 641 1
30 642 4
31 642 3
32 642 4
35 642 7
36 642 5
37 642 4
38 642 9
40 642 5
41 642 6
42 642 7
33 643 3
35 643 7
36 643 4
37 643 5
38 643 4
39 643 10
40 643 9
42 643 5
35 644 3
36 644 4
37 644 6
38 644 5
39 644 8
40 644 4
41 644 4
42 644 5
31 645 3
33 645 4
35 645 9
37 645 5
38 645 6
40 645 7
9 646 1
27 646 3
30 646 6
33 646 4
41 646 6
16 647 1
13 648 1
14 648 1
37 648 4
1 649 1
29 649 3
16 650 1
18 650 1
21 650 1
24 650 2
25 650 1
26 650 2
27 650 5
28 650 2
29 650 5
30 650 4
31 650 6
32 650 9
33 650 9
34 650 8
35 650 9
36 650 8
37 650 9
38 650 13
39 650 11
40 650 12
41 650 16
42 650 14
17 651 1
30 652 3
32 652 7
34 652 4
35 652 5
27 653 2
10 654 1
19 655 1
25 655 1
27 655 4
28 655 2
29 655 3
30 655 3
31 655 3
32 655 11
33 655 14
34 655 9
35 655 8
36 655 7
37 655 9
38 655 15
39 655 9
40 655 12
41 655 13
42 655 14
30 656 3
33 657 4
38 657 5
39 657 5
40 657 4
41 657 5
42 657 8
25 658 2
35 658 5
37 658 5
40 658 4
42 658 12
10 659 1
24 660 1
33 661 4
36 661 5
38 661 6
40 661 8
41 661 11
42 661 13
40 662 4
32 663 3
34 663 4
36 663 4
39 663 5
14 664 1
10 665 1
27 666 3
31 666 6
34 666 3
42 666 6
12 667 1
13 667 1
21 667 1
22 667 1
27 667 2
30 667 4
31 667 3
32 667 3
37 667 3
0 668 1
21 669 1
30 670 4
34 670 3
35 670 6
40 670 6
41 670 4
38 671 4
12 672 1
9 673 1
26 674 4
30 674 4
31 674 3
33 674 5
35 674 5
36 674 7
37 674 6
38 674 5
39 674 5
40 674 6
41 674 7
42 674 5
30 675 3
32 675 5
34 675 4
35 675 8
37 675 9
38 675 12
39 675 11
40 675 13
41 675 9
42 675 18
36 676 4
42 676 9
24 677 2
27 677 2
28 677 3
29 677 6
30 677 10
31 677 4
32 677 8
33 677 7
34 677 4
35 677 8
37 677 10
38 677 14
39 677 6
40 677 9
41 677 6
42 677 12
30 678 4
27 679 2
30 679 3
32 679 4
36 679 4
37 679 3
38 679 4
41 679 6
42 679 5
30 680 5
27 681 3
29 681 3
30 681 6
31 681 5
32 681 10
33 681 8
34 681 10
35 681 9
36 681 11
37 681 11
38 681 13
39 681 15
40 681 9
41 681 9
42 681 18
11 682 1
26 683 2
12 684 2
36 685 4
39 685 4
41 685 5
18 686 1
15 687 1
41 687 5
27 688 3
29 688 3
33 688 3
34 688 3
35 688 4
37 688 3
28 689 3
29 689 4
30 689 18
31 689 21
32 689 32
33 689 36
34 689 38
35 689 47
36 689 45
37 689 53
38 689 71
39 689 59
40 689 52
41 689 63
42 689 60
34 690 5
35 690 6
36 690 5
37 690 4
38 690 5
39 690 9
40 690 7
41 690 10
33 691 3
13 692 1
26 693 4
37 694 3
37 695 4
26 696 2
34 696 3
39 696 4
29 697 3
30 697 3
33 697 4
34 697 5
35 697 5
36 697 4
39 697 4
41 697 7
42 697 5
12 698 1
11 699 1
27 700 3
29 700 6
31 700 3
33 700 4
35 700 4
36 700 5
37 700 7
38 700 5
39 700 6
40 700 8
41 700 6
42 700 5
43 700 1
33 701 3
9 702 1
13 702 1
14 702 1
17 702 2
19 702 2
27 702 4
28 702 4
29 702 2
31 702 4
32 702 11
33 702 10
34 702 4
35 702 8
36 702 4
37 702 9
38 702 7
39 702 7
40 702 7
41 702 13
39 703 8
40 703 6
41 703 4
20 704 1
29 704 2
30 704 3
32 704 4
33 704 4
35 704 4
38 704 4
39 704 4
29 705 2
37 705 4
39 705 6
41 705 4
43 705 1
37 706 4
38 706 4
39 706 8
40 706 7
41 706 8
42 706 15
43 706 1
17 707 1
39 708 5
41 709 6
42 709 4
22 710 1
29 711 4
31 711 4
33 711 7
34 711 7
37 711 5
38 711 7
40 711 5
41 711 7
42 711 9
14 712 1
34 713 4
39 713 5
33 714 6
34 714 5
35 714 10
38 714 9
39 714 9
40 714 5
41 714 15
42 714 7
17 715 1
26 716 2
28 716 2
31 717 3
34 717 3
38 717 4
41 717 5
9 718 1
29 719 3
31 719 4
35 719 4
36 719 5
37 719 6
38 719 6
39 719 10
40 719 11
41 719 9
42 719 7
32 720 3
33 720 4
38 720 4
40 720 4
32 721 3
28 722 2
30 722 4
35 722 4
37 722 3
40 722 4
28 723 2
42 724 6
11 725 1
21 725 1
23 725 1
32 725 4
22 726 1
12 727 1
13 727 1
24 727 2
30 727 3
31 727 2
35 728 4
36 728 4
39 728 6
23 729 2
26 729 2
30 729 3
34 729 5
35 729 4
36 729 8
37 729 7
38 729 4
39 729 12
40 729 10
41 729 6
42 729 6
43 729 1
25 730 4
29 730 5
30 730 6
31 730 9
32 730 6
33 730 15
34 730 8
35 730 6
36 730 6
37 730 7
38 730 14
39 730 10
40 730 4
41 730 7
29 731 5
29 732 3
31 732 3
36 732 5
37 732 4
39 732 4
17 733 1
18 733 1
33 734 4
38 734 4
42 734 6
28 735 3
29 736 3
33 737 3
14 738 1
18 738 2
20 738 1
24 738 2
25 738 2
26 738 3
27 738 4
28 738 2
29 738 9
30 738 10
31 738 6
32 738 10
33 738 11
34 738 8
35 738 6
36 738 13
37 738 11
38 738 13
39 738 15
40 738 12
41 738 19
42 738 10
13 739 1
35 740 5
37 740 5
38 740 8
39 740 11
40 740 8
41 740 18
42 740 19
37 741 3
31 742 3
32 742 10
33 742 5
34 742 7
35 742 10
36 742 11
37 742 10
38 742 10
39 742 10
40 742 14
41 742 13
42 742 14
21 743 1
32 744 3
41 745 5
35 746 4
36 746 6
39 746 6
41 746 5
42 746 8
22 747 1
28 748 3
35 749 15
36 749 6
37 749 7
38 749 15
31 750 4
32 750 6
35 750 6
37 750 4
38 750 5
20 751 1
27 752 2
28 752 3
29 752 8
30 752 5
31 752 5
32 752 4
33 752 7
35 752 7
38 752 7
39 752 4
40 752 6
30 753 3
32 753 4
37 754 5
40 755 5
42 755 5
14 756 1
25 757 2
29 757 3
30 757 4
32 757 5
33 757 6
34 757 4
35 757 4
38 757 5
40 757 5
41 757 6
42 757 7
32 758 3
32 759 3
35 760 5
36 760 5
37 760 4
42 760 6
3 761 1
43 762 1
32 763 5
33 763 4
34 763 4
35 763 7
36 763 7
38 763 5
9 764 1
16 764 1
20 764 1
26 764 2
20 765 1
23 766 2
30 766 5
31 766 3
32 766 4
34 766 4
35 766 8
36 766 5
38 766 8
39 766 7
40 766 11
41 766 7
42 766 11
26 767 2
25 768 1
15 769 1
26 770 3
30 770 3
31 770 3
35 770 8
36 770 5
37 770 3
38 770 11
39 770 5
40 770 6
41 770 9
42 770 6
37 771 3
41 772 4
16 773 2
17 773 2
23 773 2
24 773 2
25 773 3
27 773 5
28 773 5
29 773 5
30 773 12
31 773 11
32 773 6
33 773 12
34 773 8
35 773 16
36 773 12
37 773 13
38 773 8
39 773 9
41 773 9
42 773 6
12 774 2
16 774 3
24 774 2
25 774 2
28 774 6
29 774 9
30 774 9
31 774 9
32 774 7
33 774 12
34 774 4
35 774 8
36 774 4
37 774 5
38 774 11
39 774 12
40 774 12
41 774 17
42 774 11
23 775 1
21 776 1
34 777 4
37 778 3
39 778 4
40 778 7
41 778 4
42 778 4
35 779 5
38 780 4
12 781 3
34 782 3
10 783 1
41 784 5
0 785 1
12 785 2
19 785 2
24 785 2
26 785 3
27 785 3
28 785 4
29 785 6
31 785 5
32 785 10
33 785 10
34 785 7
35 785 6
36 785 7
37 785 9
38 785 8
40 785 6
41 785 6
42 785 8
34 786 3
38 786 4
15 787 1
19 788 1
27 789 4
28 789 3
32 789 4
33 789 5
37 789 5
42 789 6
32 790 4
33 790 4
35 790 4
36 790 5
37 790 4
42 790 5
34 791 3
40 792 4
35 793 3
28 794 3
29 794 6
30 794 6
31 794 5
32 794 10
33 794 11
34 794 10
35 794 10
36 794 8
37 794 18
38 794 12
39 794 12
40 794 8
41 794 16
42 794 7
27 795 6
28 795 5
29 795 5
30 795 6
31 795 8
32 795 18
33 795 16
34 795 17
35 795 17
36 795 9
37 795 13
38 795 17
39 795 14
40 795 16
41 795 11
42 795 13
36 796 4
20 797 1
0 798 1
26 798 2
38 799 4
39 799 5
41 799 5
40 800 6
0 801 1
32 802 4
34 802 3
35 802 5
36 802 6
39 802 6
40 802 7
41 802 8
42 802 6
40 803 6
24 804 2
25 804 2
27 804 3
28 804 3
30 804 6
33 804 4
35 804 6
39 804 13
40 804 8
41 804 5
42 804 6
25 805 2
29 805 3
31 806 3
27 807 3
11 808 1
12 808 1
13 808 1
16 808 1
20 808 1
23 808 2
26 808 3
30 808 4
31 808 5
35 808 5
38 808 5
39 808 4
32 809 4
28 810 2
32 811 3
24 812 1
36 813 3
39 813 8
40 813 4
41 813 6
42 813 5
35 814 8
37 814 4
38 814 11
39 814 14
40 814 7
41 814 11
42 814 8
28 815 3
32 815 7
34 815 6
36 815 4
24 816 1
22 817 1
31 818 4
33 818 4
35 818 4
37 818 5
38 818 6
31 819 3
33 819 3
40 819 4
41 819 4
42 819 4
39 820 5
40 820 5
41 820 10
42 820 7
10 821 1
21 822 1
36 823 3
19 824 2
21 824 1
24 824 2
25 824 4
26 824 3
27 824 5
28 824 5
29 824 3
30 824 8
31 824 5
32 824 11
33 824 10
34 824 5
35 824 7
36 824 11
37 824 4
38 824 6
40 824 5
41 824 4
42 824 5
27 825 2
32 825 3
29 826 2
28 827 2
33 828 3
34 829 4
36 830 6
37 830 4
38 830 7
39 830 6
40 830 5
41 830 9
18 831 1
38 832 4
30 833 3
40 833 5
19 834 1
28 835 2
38 835 4
17 836 1
42 837 5
32 838 5
34 838 4
37 839 4
0 840 1
29 841 2
30 841 4
31 841 2
33 841 4
35 841 3
39 841 4
0 842 1
3 842 1
10 842 2
11 842 2
12 842 3
13 842 3
14 842 3
16 842 2
17 842 3
18 842 4
21 842 2
23 842 2
24 842 2
25 842 5
26 842 6
27 842 7
28 842 7
29 842 14
30 842 16
31 842 13
32 842 14
33 842 8
34 842 12
35 842 16
36 842 10
37 842 11
38 842 14
39 842 12
40 842 16
41 842 11
42 842 20
30 843 6
32 843 4
15 844 1
20 844 2
22 844 1
27 844 2
27 845 2
0 846 1
10 846 2
11 846 2
13 846 2
15 846 3
16 846 3
17 846 4
18 846 4
19 846 2
20 846 2
21 846 3
22 846 3
23 846 3
24 846 3
25 846 3
26 846 5
27 846 11
28 846 17
29 846 16
30 846 29
31 846 18
32 846 20
33 846 24
34 846 12
35 846 24
36 846 19
37 846 10
38 846 20
39 846 17
40 846 22
41 846 23
42 846 24
12 847 2
25 847 2
35 848 4
40 849 7
42 849 8
17 850 1
25 851 2
34 852 3
35 852 5
38 852 8
39 852 8
40 852 9
41 852 9
42 852 8
30 853 5
40 854 4
42 854 6
1 855 1
17 855 2
22 856 1
32 857 4
31 858 3
33 858 5
34 858 3
35 858 5
36 858 4
38 858 8
39 858 5
40 858 7
42 858 6
15 859 1
37 859 4
42 859 4
39 860 5
41 860 8
19 861 1
33 862 4
37 862 4
39 862 4
25 863 3
26 863 3
27 863 3
28 863 7
29 863 11
30 863 11
31 863 13
32 863 18
33 863 16
34 863 10
35 863 23
36 863 26
37 863 23
38 863 23
39 863 27
40 863 22
41 863 24
42 863 23
36 864 7
38 864 5
39 864 7
41 864 7
42 864 9
27 865 3
28 865 3
29 865 3
33 865 6
34 865 5
35 865 4
36 865 6
37 865 4
40 865 6
41 865 6
39 866 4
19 867 1
39 868 6
40 868 12
41 868 13
42 868 15
39 869 5
0 870 1
33 871 4
42 871 4
3 872 1
12 872 1
25 872 2
40 872 4
24 873 2
38 873 4
21 874 1
30 875 4
36 876 4
16 877 2
26 877 2
40 878 5
41 878 6
11 879 1
33 880 5
34 880 5
36 880 6
38 880 8
41 880 9
15 881 1
16 882 1
18 882 1
22 882 1
26 882 3
31 882 2
32 883 4
36 883 4
14 884 1
1 885 1
13 886 2
16 886 1
20 886 1
22 886 1
23 886 3
27 886 3
30 886 5
31 886 3
33 886 3
30 887 3
32 887 4
33 887 4
34 887 3
35 887 4
37 887 5
38 887 9
39 887 5
40 887 4
41 887 4
13 888 1
37 889 5
39 889 4
41 889 4
25 890 2
26 890 2
27 890 3
28 890 2
29 890 4
30 890 4
33 890 3
27 891 2
30 891 4
36 892 4
39 892 5
42 892 6
31 893 3
22 894 1
39 895 4
34 896 5
37 896 4
39 896 7
40 896 6
41 896 5
43 897 1
33 898 7
34 898 4
35 898 5
36 898 4
38 898 4
41 898 4
13 899 1
18 900 2
33 901 3
36 902 4
38 902 4
36 903 4
39 903 5
40 903 7
41 903 7
42 903 5
40 904 5
32 905 5
37 905 6
38 905 12
39 905 8
41 905 6
29 906 4
30 906 5
31 906 5
32 906 3
33 906 3
38 906 4
41 906 4
42 906 4
14 907 1
39 907 4
11 908 2
21 908 1
37 909 3
9 910 1
43 911 1
32 912 3
27 913 3
30 913 4
35 913 4
38 913 4
41 913 7
42 913 6
10 914 1
26 915 2
27 915 3
33 915 3
35 916 4
20 917 1
29 917 5
30 917 6
32 917 5
33 917 11
34 917 5
35 917 9
36 917 4
37 917 6
38 917 8
39 917 8
40 917 5
41 917 5
42 917 4
25 918 1
42 919 5
41 920 6
37 921 4
38 921 13
39 921 9
41 921 18
42 921 12
32 922 6
33 922 4
34 922 4
35 922 7
33 923 4
40 923 4
39 924 5
27 925 3
33 925 4
38 925 8
36 926 5
25 927 1
0 928 1
18 929 1
30 930 3
34 931 6
38 931 4
39 931 6
12 932 1
0 933 1
27 934 6
28 934 2
32 934 3
33 934 4
34 934 5
38 934 6
40 934 7
41 934 6
31 935 3
32 935 4
34 935 4
35 935 6
36 935 5
12 936 1
13 937 1
32 938 4
36 938 8
37 938 6
38 938 9
39 938 9
40 938 7
41 938 11
42 938 9
42 939 5
3 940 1
15 941 1
9 942 1
10 943 2
11 943 1
12 943 1
13 943 2
14 943 1
15 943 2
16 943 2
17 943 1
18 943 2
19 943 3
20 943 3
21 943 2
22 943 2
23 943 5
24 943 7
25 943 7
26 943 11
27 943 22
28 943 19
29 943 26
30 943 39
31 943 36
32 943 34
33 943 52
34 943 37
35 943 43
36 943 37
37 943 40
38 943 49
39 943 44
40 943 42
41 943 44
42 943 51
43 943 1
37 944 3
40 945 4
26 946 2
29 947 3
32 947 4
33 947 4
34 947 4
35 947 4
38 947 4
39 947 4
40 947 4
42 947 5
40 948 5
41 948 7
35 949 4
36 949 4
38 949 8
30 950 3
13 951 1
33 952 5
38 952 4
17 953 1
12 954 2
24 954 2
27 954 3
28 954 4
29 954 10
30 954 10
31 954 12
32 954 9
33 954 7
34 954 11
35 954 14
36 954 8
37 954 11
38 954 12
39 954 8
40 954 9
41 954 17
42 954 17
33 955 4
36 955 3
37 955 6
41 955 6
42 955 4
30 956 6
32 956 8
33 956 7
34 956 5
35 956 8
36 956 10
38 956 4
40 956 8
41 956 13
42 956 8
17 957 1
31 958 2
32 959 13
33 959 12
34 959 11
35 959 17
36 959 19
37 959 10
38 959 18
39 959 17
40 959 24
41 959 25
42 959 28
25 960 2
29 960 8
30 960 10
31 960 7
32 960 10
33 960 14
34 960 8
35 960 10
36 960 13
37 960 9
38 960 14
39 960 9
40 960 7
41 960 13
42 960 9
29 961 3
26 962 2
33 962 6
13 963 1
30 964 3
32 964 4
34 964 4
35 964 5
36 964 5
38 964 5
39 964 8
34 965 3
36 965 4
37 965 7
38 965 6
39 965 8
40 965 4
26 966 3
27 966 4
30 966 5
35 966 5
37 966 4
38 966 6
19 967 1
27 968 2
30 969 5
23 970 2
16 971 1
32 972 3
40 972 4
24 973 2
27 973 2
28 973 2
32 973 3
33 973 4
37 973 3
39 973 6
40 973 5
41 973 7
42 973 5
41 974 4
42 974 7
39 975 5
16 976 1
18 976 1
27 976 2
35 977 4
37 977 7
38 977 4
41 977 6
42 977 8
42 978 5
26 979 3
28 979 3
40 980 5
14 981 3
16 981 3
19 981 2
20 981 2
24 981 3
25 981 2
26 981 6
27 981 4
28 981 8
29 981 4
30 981 4
31 981 3
32 981 4
33 981 4
34 981 4
36 981 4
37 981 10
38 981 5
39 981 5
40 981 4
10 982 1
12 983 1
35 984 5
36 984 6
37 984 5
38 984 7
39 984 7
41 984 7
28 985 5
30 985 4
31 985 3
32 985 6
33 985 7
34 985 4
39 985 5
40 985 5
41 985 5
42 985 6
29 986 3
38 986 4
41 986 5
38 987 6
39 987 6
42 988 5
21 989 1
23 989 2
26 989 2
28 989 6
29 989 3
31 989 9
32 989 8
33 989 5
36 989 7
37 989 6
38 989 6
40 989 5
25 990 1
20 991 1
28 991 2
17 992 1
13 993 2
18 993 2
22 993 2
26 993 3
28 993 6
31 993 5
34 993 4
35 993 5
3 994 1
24 995 1
39 996 4
23 997 1
25 997 3
27 997 3
28 997 2
29 997 2
3 998 1
12 998 3
13 998 3
19 998 2
23 998 2
25 998 4
26 998 3
27 998 8
28 998 3
29 998 6
30 998 11
31 998 17
32 998 6
33 998 9
34 998 10
35 998 14
36 998 12
37 998 15
38 998 8
39 998 11
40 998 15
41 998 15
42 998 22
21 999 1
31 1000 2
42 1001 6
0 1002 1
11 1002 2
26 1002 4
27 1002 4
28 1002 6
29 1002 4
30 1002 9
31 1002 10
33 1002 6
35 1002 6
36 1002 5
37 1002 4
38 1002 10
39 1002 5
40 1002 7
41 1002 5
35 1003 7
3 1004 1
11 1004 1
12 1004 1
14 1004 1
15 1004 1
16 1004 3
18 1004 1
19 1004 1
20 1004 2
21 1004 1
22 1004 1
23 1004 1
24 1004 3
25 1004 3
26 1004 7
27 1004 5
28 1004 7
29 1004 12
30 1004 9
31 1004 14
32 1004 14
33 1004 26
34 1004 12
35 1004 12
36 1004 13
37 1004 15
38 1004 23
39 1004 18
40 1004 19
41 1004 21
42 1004 16
32 1005 3
11 1006 1
22 1007 1
18 1008 1
19 1008 1
20 1008 1
34 1008 3
36 1008 4
34 1009 3
27 1010 6
28 1010 5
30 1010 4
33 1010 6
35 1010 5
36 1010 5
39 1010 5
40 1010 5
41 1010 8
32 1011 4
36 1011 4
41 1012 7
32 1013 5
33 1013 4
34 1013 6
35 1013 10
36 1013 4
37 1013 4
38 1013 9
39 1013 6
40 1013 5
42 1013 9
17 1014 1
18 1014 1
35 1014 4
19 1015 1
36 1016 4
11 1017 1
28 1018 3
29 1018 3
30 1018 3
32 1018 8
33 1018 5
34 1018 4
37 1018 8
40 1018 4
15 1019 1
29 1020 3
32 1020 4
38 1020 4
40 1020 4
42 1021 5
21 1022 1
27 1022 2
38 1023 4
40 1023 5
41 1023 5
42 1023 5
18 1024 1
0 1025 1
26 1026 2
27 1026 4
28 1026 3
30 1026 5
31 1026 5
32 1026 6
33 1026 5
34 1026 6
35 1026 6
38 1026 4
39 1026 6
40 1026 4
39 1027 6
32 1028 5
33 1028 3
36 1028 3
3 1029 1
3 1030 1
30 1030 3
36 1030 4
37 1030 4
11 1031 2
16 1031 2
18 1031 2
24 1031 3
26 1031 5
27 1031 4
28 1031 7
29 1031 15
30 1031 14
31 1031 11
32 1031 10
33 1031 18
34 1031 12
35 1031 19
36 1031 19
37 1031 16
38 1031 25
39 1031 16
40 1031 21
41 1031 27
42 1031 19
1 1032 1
24 1033 2
31 1034 3
30 1035 3
34 1035 4
27 1036 3
42 1037 5
29 1038 4
31 1038 5
34 1038 6
41 1038 6
42 1038 5
32 1039 4
36 1039 5
41 1039 6
42 1039 8
41 1040 4
40 1041 4
3 1042 1
10 1042 1
13 1043 1
38 1044 4
42 1044 5
16 1045 1
19 1046 1
12 1047 2
25 1047 4
29 1047 4
30 1047 6
31 1047 7
32 1047 7
33 1047 9
35 1047 7
36 1047 5
37 1047 14
38 1047 8
40 1047 7
41 1047 11
42 1047 11
30 1048 3
34 1048 3
9 1049 1
22 1050 1
27 1050 2
30 1050 3
31 1050 3
32 1050 3
33 1050 5
37 1050 5
30 1051 5
32 1051 6
33 1051 5
15 1052 1
33 1053 3
30 1054 3
35 1054 4
37 1055 4
24 1056 2
27 1056 4
28 1056 4
29 1056 6
30 1056 3
31 1056 7
32 1056 9
33 1056 13
34 1056 12
35 1056 13
36 1056 7
37 1056 12
38 1056 13
39 1056 9
40 1056 6
41 1056 10
42 1056 7
10 1057 1
40 1058 6
41 1058 4
42 1058 5
42 1059 5
27 1060 2
31 1061 3
41 1061 8
42 1062 5
23 1063 1
1 1064 1
20 1065 1
15 1066 1
23 1066 1
41 1067 6
29 1068 3
39 1069 4
40 1070 5
11 1071 1
16 1072 3
17 1072 2
18 1072 2
19 1072 2
21 1072 2
24 1072 3
26 1072 3
27 1072 5
28 1072 11
29 1072 6
30 1072 12
31 1072 7
32 1072 7
33 1072 16
34 1072 9
35 1072 11
36 1072 7
37 1072 11
38 1072 12
39 1072 9
40 1072 12
41 1072 12
42 1072 9
35 1073 5
41 1074 5
42 1074 5
43 1075 1
24 1076 1
22 1077 1
1 1078 1
40 1079 6
41 1079 6
42 1079 8
3 1080 1
12 1080 1
22 1080 1
33 1080 3
37 1080 5
